4
12
12
12
8
152
296
440
2
49
45
42
43
21
26
24
9
49
12
32
11
5
7
24
48
29
1
23
23
32
8
48
19
40
8
40
14
46
15
4
33
23
25
13
22
37
0
50
29
25
50
49
12
15
3
9
42
31
49
18
1
7
33
23
38
2
4
48
18
2
34
47
20
20
1
43
37
35
18
19
38
41
44
6
23
27
37
15
7
14
3
11
7
17
9
45
37
42
44
21
45
32
27
38
1
46
49
18
7
38
24
44
39
13
45
29
24
44
13
36
20
1
3
41
44
22
41
19
43
8
35
36
25
32
50
28
45
8
43
36
47
0
18
8
39
29
23
4
45
35
9
28
25
5
1
40
46
26
9
1
39
29
33
1
26
40
0
10
18
42
39
6
33
44
40
26
27
49
42
49
16
28
16
31
43
6
42
17
2
49
38
9
46
41
36
2
2
44
40
6
25
21
42
43
31
5
15
34
39
23
21
37
10
28
49
49
43
26
7
39
26
11
26
12
46
35
1
16
13
47
18
3
3
0
9
46
10
46
41
1
48
30
46
9
3
37
16
21
26
16
6
2
13
6
35
34
41
8
33
39
44
22
1
15
49
13
7
4
41
37
49
26
22
15
8
11
23
47
5
34
26
46
40
27
18
0
7
3
33
17
10
44
41
39
18
28
0
0
0
0
0
0
0
0
0
0
0
0
0
0
0
0
0
0
0
0
0
0
0
0
0
0
0
0
0
0
0
0
0
0
0
0
0
0
0
0
0
0
0
0
0
0
0
0
0
0
0
0
0
0
0
0
0
0
0
0
0
0
0
0
0
0
0
0
0
0
0
0
0
0
0
0
0
0
0
0
0
0
0
0
0
0
0
0
0
0
0
0
0
0
0
0
0
0
0
0
0
0
0
0
0
0
0
0
0
0
0
0
0
0
0
0
0
0
0
0
0
0
0
0
0
0
0
0
0
0
0
0
0
0
0
0
0
0
0
0
0
0
0
0
0
0
0
0
0
0
0
0
0
0
0
0
